["Albufereta",7,38.3667945862,-0.4425750077,1,1,3,4],
["Alicante-Luceros",2,38.3453903198,-0.4908090532,0,1,2,3,4],
["Alqueries",49,38.8320884705,0.1020530015,0,9],
["Altea",38,38.5960044861,-0.0521880016,0,9],
["Amerador",20,38.4447975159,-0.3733659983,0,1],
["Av. Benidorm",108,38.3659858704,-0.4120527804,0,4],
["Av. Naciones",106,38.3623542786,-0.4203850031,1,4],
["Benidorm",33,38.5481262207,-0.1344400048,1,1,9],
["Benissa",44,38.7152824402,0.0764589980,1,9],
["Bulevar del Pla",1202,38.3582305908,-0.4698899984,0,2],
["Cabo Huertas",107,38.3624801636,-0.4149694443,0,4],
["Cala Piteres",22,38.4540634155,-0.3527559936,0,1],
["Calp",42,38.6499366760,0.0329880007,1,9],
["Camí Coves",35,38.5596961975,-0.1039059982,0,9],
["Campo de Golf",51,38.3773956299,-0.4219731688,0,1,3],
["Cap Negret",40,38.6105575562,-0.0409400016,0,9],
["Carrabiners",11,38.3885993958,-0.4084280133,0,1,3],
["Ciudad jardín",1208,38.3758277893,-0.4978109896,0,2],
["Condomina",9,38.3748092651,-0.4286729991,1,1,3],
["Costa Blanca",10,38.3791007996,-0.4111889899,1,1,3],
["Costera Pastor",29,38.5134124756,-0.2205500007,0,1],
["Coveta Fumà",21,38.4500503540,-0.3645949960,0,1],
["Creueta",28,38.5102729797,-0.2314639986,0,1],
["Dénia",50,38.8396759033,0.1125079989,1,9],
["Disco Benidorm",34,38.5500411987,-0.1172769964,0,9],
["El Albir",37,38.5761756897,-0.0798999965,0,9],
["El Campello",17,38.4276657104,-0.3953070045,1,1,3],
["Fabraquer",14,38.4123878479,-0.4019829929,1,1,3],
["Ferrandet",43,38.6692428589,0.0269510001,0,9],
["Garbinet",1203,38.3624114990,-0.4783099890,0,2],
["Garganes",39,38.6041412354,-0.0471439995,0,9],
["Gastón Castelló",1206,38.3738708496,-0.4871000051,0,2],
["Gata",46,38.7753448486,0.0874880031,1,9],
["Hiper Finestrat",31,38.5403709412,-0.1759919971,0,1],
["Holanda",113,38.3675079346,-0.4199694395,0,4],
["Hospital",1204,38.3643455505,-0.4839000106,0,2],
["Hospital Denia",48,38.8296508789,0.0913719982,0,9],
["Hospital Vila",30,38.5307655334,-0.1991550028,0,1],
["Instituto",111,38.3758010864,-0.4199722111,0,4],
["L'Alfàs del Pí",36,38.5675315857,-0.0928530023,0,9],
["La Goteta",1201,38.3544998169,-0.4692499936,0,2],
["La Isleta",6,38.3625717163,-0.4474810064,1,1,3,4],
["La Vila Joiosa",27,38.5064430237,-0.2357880026,0,1],
["La Xarà",47,38.8230972290,0.0640190020,0,9],
["Les Llances",13,38.4059448242,-0.4038009942,1,1,3],
["Londres",109,38.3692207336,-0.4120953083,0,4],
["Lucentum",8,38.3700904846,-0.4383159876,1,1,3,4],
["Maestro Alonso",1205,38.3683204651,-0.4858480096,0,2],
["MARQ",4,38.3520164490,-0.4761489034,1,1,2,3,4],
["Mercado",3,38.3484001160,-0.4846149683,1,1,2,3,4],
["Mirian Blasco",103,38.3688430786,-0.4355089962,1,4],
["Muchavista",12,38.3965873718,-0.4068399966,1,1,3],
["Olla de Altea",41,38.6215515137,-0.0327229984,0,9],
["Paises Escandinavos",112,38.3718032837,-0.4201333225,0,4],
["Paradís",26,38.5001449585,-0.2575669885,0,1],
["Pla Barraques",16,38.4223480225,-0.3967970014,1,1,3],
["Plaza La Coruña",110,38.3749160767,-0.4125729203,0,4],
["Poble Espanyol",19,38.4391174316,-0.3826040030,0,1],
["Salesians",15,38.4160270691,-0.3977900147,1,1,3],
["Sangueta",5,38.3518638611,-0.4679050744,0,1,3,4,41],
["Sant Vicent del Raspeig",1211,38.3921203613,-0.5169450045,0,2],
["Santa Isabel",1209,38.3818206787,-0.5043839812,0,2],
["Sergio Cardell",104,38.3647422791,-0.4322769940,1,4],
["Terra Mitica",32,38.5467033386,-0.1590709984,0,1],
["Teulada",45,38.7293128967,0.0980240032,1,9],
["Tridente",105,38.3622093201,-0.4251419902,0,4],
["Universitat",1210,38.3871459961,-0.5109800100,0,2],
["Venta Lanuza",25,38.4768333435,-0.3185310066,0,1],
["Virgen del Remedio",1207,38.3765830994,-0.4906069934,0,2],