LINEA:L2
[2,38.3459892273,-0.4906579852,0],
[3,38.3482246399,-0.4846079946,0],
[0,38.3488655090,-0.4832969904,0],
[0,38.3522071838,-0.4802980125,0],
[0,38.3522491455,-0.4770959914,0],
[4,38.3520126343,-0.4762830138,0],
[0,38.3531761169,-0.4708890021,0],
[0,38.3519439697,-0.4696489871,0],
[151,38.3544998169,-0.4692499936,0],
[0,38.3554191589,-0.4682199955,0],
[0,38.3562698364,-0.4678800106,0],
[0,38.3565101624,-0.4679799974,0],
[0,38.3568496704,-0.4683699906,0],
[0,38.3575706482,-0.4691999853,0],
[152,38.3582305908,-0.4698899984,0],
[0,38.3593292236,-0.4707500041,0],
[0,38.3597602844,-0.4714199901,0],
[0,38.3601188660,-0.4721300006,0],
[0,38.3605995178,-0.4736619890,0],
[0,38.3610610962,-0.4747500122,0],
[0,38.3616981506,-0.4763599932,0],
[0,38.3621292114,-0.4775899947,0],
[153,38.3624114990,-0.4783099890,0],
[0,38.3628387451,-0.4794900119,0],
[0,38.3632698059,-0.4804300070,0],
[0,38.3637809753,-0.4815239906,0],
[0,38.3639984131,-0.4817399979,0],
[0,38.3641281128,-0.4818800092,0],
[0,38.3641891479,-0.4821900129,0],
[0,38.3641204834,-0.4828490019,0],
[0,38.3641548157,-0.4834069908,0],
[154,38.3643455505,-0.4839000106,0],
[0,38.3644676208,-0.4843699932,0],
[0,38.3647384644,-0.4846920073,0],
[0,38.3652000427,-0.4847910106,0],
[0,38.3656692505,-0.4848369956,0],
[0,38.3661003113,-0.4849649966,0],
[0,38.3677787781,-0.4856300056,0],
[155,38.3683204651,-0.4858480096,0],
[0,38.3688812256,-0.4860030115,0],
[0,38.3706016541,-0.4863570035,0],
[0,38.3720245361,-0.4867030084,0],
[0,38.3735427856,-0.4870409966,0],
[156,38.3738708496,-0.4871000051,0],
[0,38.3745994568,-0.4872530103,0],
[0,38.3757705688,-0.4874190092,0],
[0,38.3764801025,-0.4875189960,0],
[0,38.3767890930,-0.4878149927,0],
[0,38.3768386841,-0.4881890118,0],
[0,38.3767623901,-0.4887239933,0],
[0,38.3766708374,-0.4894990027,0],
[157,38.3765830994,-0.4906069934,0],
[0,38.3764495850,-0.4918029904,0],
[0,38.3763542175,-0.4925920069,0],
[0,38.3762435913,-0.4936189950,0],
[0,38.3761253357,-0.4948810041,0],
[0,38.3760337830,-0.4957450032,0],
[0,38.3759155273,-0.4968349934,0],
[158,38.3758277893,-0.4978109896,0],
[0,38.3757286072,-0.4986220002,0],
[0,38.3757896423,-0.4989340007,0],
[0,38.3759651184,-0.4991270006,0],
[0,38.3768119812,-0.4994359910,0],
[0,38.3777542114,-0.4997720122,0],
[0,38.3781623840,-0.4999719858,0],
[0,38.3784713745,-0.5001999736,0],
[0,38.3788642883,-0.5005890131,0],
[0,38.3794212341,-0.5012919903,0],
[0,38.3798179626,-0.5017610192,0],
[0,38.3800849915,-0.5021039844,0],
[0,38.3803176880,-0.5025439858,0],
[0,38.3806343079,-0.5032119751,0],
[0,38.3810844421,-0.5036569834,0],
[0,38.3813705444,-0.5039550066,0],
[159,38.3818206787,-0.5043839812,0],
[0,38.3821372986,-0.5048869848,0],
[0,38.3829345703,-0.5058580041,0],
[0,38.3836898804,-0.5067790151,0],
[0,38.3844375610,-0.5077260137,0],
[0,38.3850936890,-0.5084999800,0],
[0,38.3856925964,-0.5092319846,0],
[0,38.3862380981,-0.5099120140,0],
[0,38.3868637085,-0.5106779933,0],
[160,38.3871459961,-0.5109800100,0],
[0,38.3881492615,-0.5122110248,0],
[0,38.3888359070,-0.5130400062,0],
[0,38.3897438049,-0.5141720176,0],
[0,38.3904228210,-0.5149310231,0],
[0,38.3906860352,-0.5151079893,0],
[0,38.3908958435,-0.5153489709,0],
[0,38.3912086487,-0.5158129930,0],
[161,38.3921203613,-0.5169450045,0]]]
]]
LINEA:L3
[17,38.4276657104,-0.3953070045,0],
[16,38.4223480225,-0.3967970014,0],
[15,38.4160270691,-0.3977900147,0],
[14,38.4123878479,-0.4019829929,0],
[13,38.4059448242,-0.4038009942,0],
[12,38.3965873718,-0.4068399966,0],
[11,38.3885993958,-0.4084280133,0],
[0,38.3803596497,-0.4100292921,0],
[10,38.3791007996,-0.4111889899,0],
[0,38.3772583008,-0.4145622253,0],
[0,38.3786392212,-0.4189395905,0],
[51,38.3773956299,-0.4219731688,0],
[9,38.3748092651,-0.4286729991,0],
[0,38.3721160889,-0.4359394312,0],
[8,38.3703002930,-0.4385304451,0],
[7,38.3667945862,-0.4425750077,0],
[6,38.3625717163,-0.4474810064,0],
[0,38.3596420288,-0.4522714019,0],
[0,38.3590316772,-0.4550850391,0],
[0,38.3574066162,-0.4573595524,0],
[0,38.3545875549,-0.4637110233,0],
[5,38.3518638611,-0.4679050744,0],
[0,38.3519439697,-0.4696494341,0],
[0,38.3531761169,-0.4708886147,0],
[4,38.3520164490,-0.4761489034,0],
[0,38.3523254395,-0.4770898819,0],
[0,38.3522071838,-0.4802978039,0],
[0,38.3488655090,-0.4832965136,0],
[3,38.3484001160,-0.4846149683,0],
[2,38.3453903198,-0.4908090532,0]]]
]]
LINEA:L4
[2,38.3453903198,-0.4908090532,0],
[3,38.3484001160,-0.4846149683,0],
[0,38.3488655090,-0.4832965136,0],
[0,38.3522071838,-0.4802978039,0],
[0,38.3523254395,-0.4770898819,0],
[4,38.3520164490,-0.4761489034,0],
[0,38.3531761169,-0.4708886147,0],
[0,38.3519439697,-0.4696494341,0],
[5,38.3518638611,-0.4679050744,0],
[0,38.3545875549,-0.4637110233,0],
[0,38.3574066162,-0.4573595524,0],
[0,38.3590316772,-0.4550850391,0],
[0,38.3596420288,-0.4522714019,0],
[6,38.3625717163,-0.4474810064,0],
[7,38.3667945862,-0.4425750077,0],
[8,38.3703002930,-0.4385304451,0],
[103,38.3688430786,-0.4355089962,0],
[104,38.3647422791,-0.4322769940,0],
[0,38.3624839783,-0.4305401444,0],
[0,38.3621788025,-0.4297435284,0],
[105,38.3622093201,-0.4251419902,0],
[106,38.3623542786,-0.4203850031,0],
[107,38.3624801636,-0.4149694443,0],
[108,38.3659858704,-0.4120527804,0],
[109,38.3692207336,-0.4120953083,0],
[110,38.3749160767,-0.4125729203,0],
[111,38.3758010864,-0.4199722111,0],
[112,38.3718032837,-0.4201333225,0],
[113,38.3675079346,-0.4199694395,0]]]
LINEA:L1
[33,38.5481262207,-0.1344400048,0],
[0,38.5485763550,-0.1393139362,0],
[0,38.5466461182,-0.1429402828,0],
[0,38.5451011658,-0.1490771770,0],
[0,38.5468902588,-0.1520597935,0],
[0,38.5458755493,-0.1554071903,0],
[32,38.5467033386,-0.1590709984,0],
[0,38.5467376709,-0.1611578465,0],
[0,38.5429039001,-0.1656532288,0],
[31,38.5403709412,-0.1759919971,0],
[0,38.5384635925,-0.1836776733,0],
[0,38.5338325500,-0.1899647713,0],
[30,38.5307655334,-0.1991550028,0],
[0,38.5290985107,-0.2036976814,0],
[0,38.5244827271,-0.2117228508,0],
[0,38.5153999329,-0.2135574818,0],
[0,38.5138816833,-0.2167439461,0],
[29,38.5134124756,-0.2205500007,0],
[0,38.5130844116,-0.2233636379,0],
[0,38.5135459900,-0.2260994911,0],
[0,38.5125045776,-0.2293181419,0],
[28,38.5102729797,-0.2314639986,0],
[27,38.5064430237,-0.2357880026,0],
[0,38.5049552917,-0.2376651764,0],
[0,38.5043945312,-0.2413237095,0],
[0,38.5065612793,-0.2461302280,0],
[0,38.5038490295,-0.2502071857,0],
[0,38.5029907227,-0.2540051937,0],
[26,38.5001449585,-0.2575669885,0],
[0,38.4990959167,-0.2597880363,0],
[0,38.4987602234,-0.2631998062,0],
[0,38.4963569641,-0.2647662163,0],
[0,38.4950904846,-0.2690899372,0],
[0,38.4966201782,-0.2710747719,0],
[0,38.4957695007,-0.2794647217,0],
[0,38.4941825867,-0.2811276913,0],
[0,38.4916725159,-0.2885842323,0],
[0,38.4875411987,-0.2946782112,0],
[0,38.4847106934,-0.2966737747,0],
[0,38.4826278687,-0.3066194057,0],
[0,38.4813079834,-0.3106319904,0],
[0,38.4813842773,-0.3126597404,0],
[25,38.4768333435,-0.3185310066,0],
[0,38.4749717712,-0.3205615282,0],
[0,38.4752044678,-0.3234100342,0],
[0,38.4731750488,-0.3249174356,0],
[0,38.4719085693,-0.3305608034,0],
[0,38.4700164795,-0.3364562988,0],
[0,38.4677162170,-0.3414988518,0],
[0,38.4643516541,-0.3463268280,0],
[0,38.4618034363,-0.3441274166,0],
[0,38.4576225281,-0.3459942341,0],
[0,38.4543533325,-0.3503715992,0],
[22,38.4540634155,-0.3527559936,0],
[0,38.4533691406,-0.3560015559,0],
[0,38.4513969421,-0.3571307659,0],
[0,38.4500312805,-0.3596895933,0],
[0,38.4508209229,-0.3626829386,0],
[21,38.4500503540,-0.3645949960,0],
[20,38.4447975159,-0.3733659983,0],
[0,38.4433288574,-0.3751444817,0],
[0,38.4425315857,-0.3781807423,0],
[19,38.4391174316,-0.3826040030,0],
[0,38.4341087341,-0.3895425797,0],
[17,38.4276657104,-0.3953070045,0],
[16,38.4223480225,-0.3967970014,0],
[15,38.4160270691,-0.3977900147,0],
[14,38.4123878479,-0.4019829929,0],
[13,38.4059448242,-0.4038009942,0],
[12,38.3965873718,-0.4068399966,0],
[11,38.3885993958,-0.4084280133,0],
[0,38.3803596497,-0.4100292921,0],
[10,38.3791007996,-0.4111889899,0],
[0,38.3772583008,-0.4145622253,0],
[0,38.3786392212,-0.4189395905,0],
[51,38.3773956299,-0.4219731688,0],
[9,38.3748092651,-0.4286729991,0],
[0,38.3721160889,-0.4359394312,0],
[8,38.3703002930,-0.4385304451,0],
[7,38.3667945862,-0.4425750077,0],
[6,38.3625717163,-0.4474810064,0],
[0,38.3596420288,-0.4522714019,0],
[0,38.3590316772,-0.4550850391,0],
[0,38.3574066162,-0.4573595524,0],
[0,38.3545875549,-0.4637110233,0],
[5,38.3518638611,-0.4679050744,0],
[0,38.3519439697,-0.4696494341,0],
[0,38.3531761169,-0.4708886147,0],
[4,38.3520164490,-0.4761489034,0],
[0,38.3523254395,-0.4770898819,0],
[0,38.3522071838,-0.4802978039,0],
[0,38.3488655090,-0.4832965136,0],
[3,38.3484001160,-0.4846149683,0],
[2,38.3453903198,-0.4908090532,0]]]
LINEA:L9
[33,38.5481262207,-0.1344400048,0],
[0,38.5480041504,-0.1245188713,0],
[34,38.5500411987,-0.1172769964,0],
[35,38.5596961975,-0.1039059982,0],
[0,38.5625038147,-0.1009798050,0],
[0,38.5653076172,-0.0955510139,0],
[36,38.5675315857,-0.0928530023,0],
[0,38.5733489990,-0.0846505165,0],
[37,38.5796356201,-0.0737729967,0],
[0,38.5825843811,-0.0715506077,0],
[0,38.5866851807,-0.0647914410,0],
[38,38.5960044861,-0.0521880016,0],
[0,38.5979423523,-0.0499695539,0],
[39,38.6041412354,-0.0471439995,0],
[0,38.6080665588,-0.0438702106,0],
[40,38.6105575562,-0.0409400016,0],
[0,38.6122627258,-0.0381195545,0],
[0,38.6142883301,-0.0370359421,0],
[0,38.6152687073,-0.0350081921,0],
[0,38.6170806885,-0.0336456299,0],
[41,38.6215515137,-0.0327229984,0],
[0,38.6332321167,-0.0164794922,0],
[0,38.6322937012,-0.0028324127,0],
[0,38.6397705078,0.0101280212,0],
[0,38.6398353577,0.0213718414,0],
[0,38.6458015442,0.0300407410,0],
[42,38.6499137878,0.0329880007,0],
[0,38.6612091064,0.0319129229,0],
[0,38.6628112793,0.0299710035,0],
[0,38.6651802063,0.0300085545,0],
[0,38.6678962708,0.0268113613,0],
[0,38.6721420288,0.0277769566,0],
[0,38.6735420227,0.0318217278,0],
[0,38.6765327454,0.0306952000,0],
[0,38.6776123047,0.0322401524,0],
[0,38.6760864258,0.0387847424,0],
[0,38.6771430969,0.0403618813,0],
[0,38.6814460754,0.0406944752,0],
[0,38.6859664917,0.0423413515,0],
[0,38.6896286011,0.0482797623,0],
[0,38.6932296753,0.0462841988,0],
[43,38.6957435608,0.0529629998,0],
[0,38.6953582764,0.0570774078,0],
[0,38.7008094788,0.0634825230,0],
[0,38.7034950256,0.0647914410,0],
[0,38.7037734985,0.0678706169,0],
[0,38.7091407776,0.0729882717,0],
[44,38.7152824402,0.0764589980,0],
[0,38.7232704163,0.0827944279,0],
[45,38.7293128967,0.0980240032,0],
[0,38.7430381775,0.0964629650,0],
[0,38.7478752136,0.1061511040,0],
[0,38.7625007629,0.1037693024,0],
[0,38.7691268921,0.0941455364,0],
[0,38.7717933655,0.0927615166,0],
[0,38.7728233337,0.0897145271,0],
[46,38.7753448486,0.0874880031,0],
[0,38.7781410217,0.0853371620,0],
[0,38.7798080444,0.0823223591,0],
[0,38.7821083069,0.0798332691,0],
[0,38.7863883972,0.0781917572,0],
[0,38.7896575928,0.0730097294,0],
[0,38.8047027588,0.0689649582,0],
[0,38.8136711121,0.0623989105,0],
[0,38.8190383911,0.0620985031,0],
[47,38.8230972290,0.0640190020,0],
[0,38.8249053955,0.0654566288,0],
[0,38.8255767822,0.0689756870,0],
[0,38.8264846802,0.0780844688,0],
[48,38.8296508789,0.0913719982,0],
[49,38.8320884705,0.1020530015,0],
[0,38.8381042480,0.1130175591,0],
[50,38.8396759033,0.1125079989,0]]]